839899383,571165536033823761,-1.0
839899383,-417156993948525627,-1.0
839899383,1804126696740125189,-1.0
839899383,824352926851961375,-1.0
839899383,-1257707954408104763,-1.0
839899383,-454115839053495584,1.0
839899383,-2077841198911837665,-1.0
839899383,-1745205630767036345,-1.0
839899383,552036559777792426,-1.0
839899383,1746889840407073164,-1.0
839899383,-598052075720072608,1.0
839899383,-92652507944644897,1.0
839899383,-605277627680693508,1.0
839899383,-1122679740885247955,1.0
839899383,-1936962564360290837,1.0
839899383,-1460289572570833386,-1.0
839899383,1047865379750658556,1.0
839899383,-1135184647095897689,1.0
839899383,-1653319173750087454,-1.0
839899383,1874793290380165966,-1.0
839899383,-1770019371388670927,-1.0
839899383,-889279035774354325,-1.0
839899383,1220044987131670007,-1.0
839899383,2029109778394708162,1.0
839899383,720314974403542985,1.0
839899383,469899972754345370,-1.0
839899383,2244664174411256329,1.0
839899383,-546722408370556021,1.0
839899383,2181406733231924331,-1.0
565834781,-417156993948525627,-1.0
565834781,824352926851961375,1.0
565834781,571165536033823761,-1.0
565834781,439995909130957400,-1.0
565834781,1804126696740125189,-1.0
565834781,-454115839053495584,1.0
565834781,-92652507944644897,1.0
565834781,-2077841198911837665,-1.0
565834781,-340658044504444189,1.0
565834781,-276096600296392504,-1.0
565834781,-1226626874319972600,-1.0
565834781,-1019762777463513943,-1.0
565834781,552036559777792426,-1.0
565834781,-1745205630767036345,1.0
565834781,1047865379750658556,1.0
565834781,-1936962564360290837,1.0
565834781,-1135184647095897689,1.0
565834781,-458226187645150484,1.0
565834781,-557355479332892194,1.0
565834781,158587113274072189,-1.0
565834781,-413508528470082381,-1.0
565834781,-2059345213712971064,-1.0
565834781,2029109778394708162,1.0
565834781,-417344331871170373,-1.0
565834781,-546722408370556021,1.0
565834781,2181406733231924331,1.0
565834781,-963061137812736630,1.0
565834781,2086973531167374647,1.0
565834781,-2230760355752281533,-1.0
565834781,1908844958310533684,1.0
565834781,-1355824227344109296,1.0
565834781,1865993574491114557,1.0
565834781,2115072935958918086,-1.0
565834781,823013839427714944,-1.0
565834781,718992579219813179,1.0
565834781,-1205783568523784066,1.0
565834781,369013509370714579,-1.0
565834781,-1114546636026665093,1.0
565834781,1486741659075396588,1.0
565834781,-794124874779259297,1.0
565834781,483014215902934899,1.0
565834781,-1568674868180557672,1.0
565834781,-1503438978689500958,-1.0
565834781,-1148685285697045734,-1.0
565834781,-473312019290504021,1.0
565834781,132697432820050608,1.0
565834781,-1614602383773739864,1.0
565834781,2032792217973785752,1.0
565834781,1863925316822369457,-1.0
565834781,-769779983513017775,-1.0
565834781,-1310252896683580981,1.0
565834781,-1249612654153352484,1.0
565834781,-802111755992209840,1.0
565834781,-1195586470798416069,-1.0
565834781,-1428211860568148356,1.0
565834781,-206444174074041876,1.0
565834781,-851939121936186957,1.0
565834781,896042759913921094,1.0
565834781,1894927794344830175,1.0
565834781,-1431118381555409296,-1.0
565834781,589556281906096558,-1.0
565834781,-1689582274165718109,-1.0
565834781,-1773890277164640749,-1.0
565834781,-471321516746086543,-1.0
565834781,44188622490551335,1.0
565834781,-1068977343770475733,1.0
565834781,-578831902770092237,1.0
565834781,-596037665956513346,-1.0
565834781,-2057441801888233826,1.0
565834781,1862184962174520927,1.0
565834781,-114356959029993939,1.0
565834781,2265870630493140618,1.0
565834781,-830099210227529420,-1.0
565834781,404329196029468390,-1.0
565834781,-2181201962221054529,-1.0
565834781,-2122949335948780959,1.0
565834781,845604278941636198,1.0
565834781,1930174759578424228,1.0
565834781,-2021438176448878762,1.0
565834781,-571531535060226068,1.0
565834781,-1287137099853048593,-1.0
565834781,-1858042808042962216,1.0
565834781,910964094261545014,1.0
565834781,1615000379276320046,1.0
565834781,-614286129810348059,1.0
565834781,1337471303716718143,1.0
565834781,-705992232602371077,1.0
565834781,1069327825608128623,1.0
565834781,-2208969908561986078,1.0
565834781,2262560516531141959,1.0
565834781,-786978780140610295,1.0
565834781,624392275936024449,-1.0
565834781,678066339467551326,1.0
565834781,-20777904061889275,1.0
565834781,523755916387792312,1.0
565834781,1166408849338792336,1.0
565834781,-288318435512323751,1.0
565834781,-912059654026597364,-1.0
565834781,-326144738712065390,-1.0
565834781,-529905811303783153,-1.0
565834781,1953923623522912756,1.0
565834781,-315773332581126629,-1.0
565834781,1159020833577112590,1.0
565834781,1317878317443103382,1.0
565834781,2158040818597147913,1.0
565834781,-1733887782659285508,-1.0
565834781,1779964357660503533,-1.0
565834781,-1560818112678046545,1.0
565834781,103911690680496356,1.0
565834781,-823219714894946162,-1.0
565834781,1759798927996407343,1.0
565834781,-1410078936073536142,-1.0
565834781,-381879273118993427,1.0
565834781,1321620139028193575,1.0
565834781,1121497578870864219,1.0
565834781,15050793429163538,1.0
565834781,1270733828795383600,1.0
565834781,1331549376132439064,-1.0
565834781,1349977534504710136,1.0
565834781,-278213321542242148,-1.0
565834781,1635429699074330285,1.0
565834781,-1732073558903644896,1.0
565834781,918691508253291154,1.0
565834781,-2122386752786511209,1.0
565834781,-1230743800499034541,-1.0
565834781,2124662520148702563,1.0
565834781,-858050793274529350,1.0
565834781,1844457881863827182,1.0
565834781,-984896215863303436,1.0
565834781,1619027867810707630,1.0
565834781,27798923002569395,1.0
565834781,-1958803079376780287,-1.0
565834781,2065986112323703581,1.0
565834781,-294896560501965134,1.0
565834781,1065871540032860915,-1.0
565834781,872034174816958716,1.0
565834781,1583853974553175299,-1.0
565834781,-1932820256545964494,1.0
565834781,-440716323670235433,1.0
565834781,2299420135247258280,1.0
565834781,-1241996551765531705,1.0
565834781,-725742460661895947,1.0
565834781,2080632040332162720,-1.0
565834781,652930169791473912,1.0
565834781,-1704460208871409721,-1.0
565834781,790507454128582325,1.0
565834781,-704343354318414189,1.0
565834781,-1038063607848360274,-1.0
565834781,81223441701506610,1.0
565834781,77100003433228704,1.0
565834781,886801011934662382,1.0
565834781,-897074558762847868,-1.0
565834781,450355116105361470,1.0
565834781,1953626067938163779,1.0
565834781,202777686310567986,1.0
565834781,1694034392306511648,1.0
565834781,-1476768247074805367,1.0
565834781,2054733241273596790,1.0
565834781,1794802266765867798,-1.0
